>23+0>23+0 19 120 55 57 125 95
>+02>+<27>1+ 15 22 219 19 219 19
+<>+<>+< -5 -2 -5 -5 -5 -5
9<<9+< 9 213 2134 2134 2316 208
/=*/= 5 213 2134 2134 2316 208
 5 213 2134 2134 2316 208
 213 2134 2134 2316 208 213
 2134 2134 2316 208 213 208
 2134 2316 208 213 208 213
 2316 208 213 208 213 208
 208 213 208 213 208 213
 213 208 213 208 213 208
 208 213 208 213 208 213
 213 208 213 208 213 208
 208 213 208 213 208 213
 213 208 213 208 213 208
 208 213 208 213 208 213
 213 208 213 208 213 208
 208 213 208 213 208 213
 213 208 213 208 213 208
 208 213 208 213 208 213
 213 208 213 208 213 208
 208 213 208 213 208 213
 213 208 213 208 213 208
 208 213 208 213 208 213
 213 208 213 208 213 208
 208 213 208 213 208 213
 213 208 213 208 213 208
 208 213 208 213 208 213
 213 208 213 208 213 208
 208 213 208 213 208 213
 213 208 213 208 213 208
 208 213 208 213 208 213
 213 208 213 208 213 208
 208 213 208 213 208 213
 213 208 213 208 213 208
 208 213 208 213 208 213
 213 208 213 208 213 208
 208 213 208 213 208 213
 213 208 213 208 213 208
 208 213 208 213 208 213
 213 208 213 208 213 208
 208 213 208 213 208 213
 213 208 213 208 213 208
 208 213 208 213 208 213
 213 208 213 208 213 208
 208 213 208 213 208 213
 213 208 213 208 213 208
 208 213 208 213 208 213
 213 208 213 208 213 208
 208 213 208 213 208 213
 213 208 213 208 213 208
 208 213 208 213 208 213
 213 208 213 208 213 208
 208 213 208 213 208 213
 213 208 213 208 213 208
 208 213 208 213 208 213
 213 208 213 208 213 208
 208 213 208 213 208 213
 213 208 213 208 213 208
 208 213 208 213 208 213
 213 208 213 208 213 208
 208 213 208 213 208 213
 213 208 213 208 213 208
 208 213 208 213 208 213
 213 208 213 208 213 208
 208 213 208 213 208 213
 213 208 213 208 213 208
 208 213 208 213 208 213
 213 208 213 208 213 208
 208 213 208 213 208 213
 213 208 213 208 213 208
 208 213 208 213 208 213
 213 208 213 208 213 208
 208 213 208 213 208 213
 213 208 213 208 213 208
 208 213 208 213 208 213
 213 208 213 208 213 208
 208 213 208 213 208 213
 213 208 213 208 213 208
 208 213 208 213 208 213
 213 208 213 208 213 208
 208 213 208 213 208 213
 213 208 213 208 213 208
 208 213 208 213 208 213
 213 208 213 208 213 208
 208 213 208 213 208 213
 213 208 213 208 213 208
 208 213 208 213 208 213
 213 208 213 208 213 208
 208 213 208 213 208 213
 213 208 213 208 213 208
 208 213 208 213 208 213
 213 208 213 208 213 208
 208 213 208 213 208 213
 213 208 213 208 213 208
 208 213 208 213 208 213
 213 208 213 208 213 208
 208 213 208 213 208 213
 213 208 213 208 213 208
 208 213 208 213 208 213
 213 208 213 208 213 208
 208 213 208 213 208 213
 213 208 213 208 213 208
 208 213 208 213 208 213
 213 208 213 208 213 208
 208 213 208 213 208 213
 213 208 213 208 213 208
 208 213 208 213 208 213
 213 208 213 208 213 208
 208 213 208 213 208 213
 213 208 213 208 213 208
 208 213 208 213 208 213
 213 208 213 208 213 208
 208 213 208 213 208 213
 213 208 213 208 213 208
 208 213 208 213 208 213
 213 208 213 208 213 208
 208 213 208 213 208 213
 213 208 213 208 213 208
 208 213 208 213 208 213
 213 208 213 208 213 208
 208 213 208 213 208 213
 213 208 213 208 213 208
 208 213 208 213 208 213
 213 208 213 208 213 208
 208 213 208 213 208 213
 213 208 213 208 213 208
 208 213 208 213 208 213
 213 208 213 208 213 208
 208 213 208 213 208 213
 213 208 213 208 213 208
 208 213 208 213 208 213
 213 208 213 208 213 208
 208 213 208 213 208 213
 213 208 213 208 213 208
 208 213 208 213 208 213
 213 208 213 208 213 208
 208 213 208 213 208 213
 213 208 213 208 213 208
 208 213 208 213 208 213
 213 208 213 208 213 208
 208 213 208 213 208 213
 213 208 213 208 213 208
 208 213 208 213 208 213
 213 208 213 208 213 208
 208 213 208 213 208 213
 213 208 213 208 213 208
 208 213 208 213 208 213
 213 208 213 208 213 208
 208 213 208 213 208 213
 213 208 213 208 213 208
 208 213 208 213 208 213
 213 208 213 208 213 208
 208 213 208 213 208 213
 213 208 213 208 213 208
 208 213 208 213 208 213
 213 208 213 208 213 208
 208 213 208 213 208 213
 213 208 213 208 213 208
 208 213 208 213 208 213
 213 208 213 208 213 208
 208 213 208 213 208 213
 213 208 213 208 213 208
 208 213 208 213 208 213
 213 208 213 208 213 208
 208 213 208 213 208 213
 213 208 213 208 213 208
 208 213 208 213 208 213
 213 208 213 208 213 208
 208 213 208 213 208 213
 213 208 213 208 213 208
 208 213 208 213 208 213
 213 208 213 208 213 208
 208 213 208 213 208 213
 213 208 213 208 213 208
 208 213 208 213 208 213
 213 208 213 208 213 208
 208 213 208 213 208 213
 213 208 213 208 213 208
 208 213 208 213 208 213
 213 208 213 208 213 208
 208 213 208 213 208 213
 213 208 213 208 213 208
 208 213 208 213 208 213
 213 208 213 208 213 208
 208 213 208 213 208 213
 213 208 213 208 213 208
 208 213 208 213 208 213
 213 208 213 208 213 208
 208 213 208 213 208 213
 213 208 213 208 213 208
 208 213 208 213 208 213
 213 208 213 208 213 208
 208 213 208 213 208 213
 213 208 213 208 213 208
 208 213 208 213 208 213
 213 208 213 208 213 208
 208 213 208 213 208 213
 213 208 213 208 213 208
 208 213 208 213 208 213
 213 208 213 208 213 208
 208 213 208 213 208 213
 213 208 213 208 213 208
 208 213 208 213 208 213
 213 208 213 208 213 208
 208 213 208 213 208 213
 213 208 213 208 213 208
 208 213 208 213 208 213
 213 208 213 208 213 208
 208 213 208 213 208 213
 213 208 213 208 213 208
 208 213 208 213 208 213
 213 208 213 208 213 208
 208 213 208 213 208 213
 213 208 213 208 213 208
 208 213 208 213 208 213
 213 208 213 208 213 208
 208 213 208 213 208 213
 213 208 213 208 213 208
 208 213 208 213 208 213
 213 208 213 208 213 208
 208 213 208 213 208 213
 213 208 213 208 213 208
 208 213 208 213 208 213
 213 208 213 208 213 208
 208 213 208 213 208 213
 213 208 213 208 213 208
 208 213 208 213 208 213
 213 208 213 208 213 208
 208 213 208 213 208 213
 213 208 213 208 213 208
 208 213 208 213 208 213
 213 208 213 208 213 208
 208 213 208 213 208 213
 213 208 213 208 213 208
 208 213 208 213 208 213
 213 208 213 208 213 208
 208 213 208 213 208 213
 213 208 213 208 213 208
 208 213 208 213 208 213
 213 208 213 208 213 208
 208 213 208 213 208 213
 213 208 213 208 213 208
 208 213 208 213 208 213
 213 208 213 208 213 208
 208 213 208 213 208 213
 213 208 213 208 213 208
 208 213 208 213 208 213
 213 208 213 208 213 208
 208 213 208 213 208 213
 213 208 213 208 213 208
 208 213 208 213 208 213
 213 208 213 208 213 208
 208 213 208 213 208 213
 213 208 213 208 213 208
 208 213 208 213 208 213
 213 208 213 208 213 208
 208 213 208 213 208 213
 213 208 213 208 213 208
 208 213 208 213 208 213
 213 208 213 208 213 208
 208 213 208 213 208 213
 213 208 213 208 213 208
 208 213 208 213 208 213
 213 208 213 208 213 208
 208 213 208 213 208 213
 213 208 213 208 213 208
 208 213 208 213 208 213
 213 208 213 208 213 208
 208 213 208 213 208 213
 213 208 213 208 213 208
 208 213 208 213 208 213
 213 208 213 208 213 208
 208 213 208 213 208 213
 213 208 213 208 213 208
 208 213 208 213 208 213
 213 208 213 208 213 208
 208 213 208 213 208 213
 213 208 213 208 213 208
 208 213 208 213 208 213
 213 208 213 208 213 208
 208 213 208 213 208 213
 213 208 213 208 213 208
 208 213 208 213 208 213
 213 208 213 208 213 208
 208 213 208 213 208 213
 213 208 213 208 213 208
 208 213 208 213 208 213
 213 208 213 208 213 208
 208 213 208 213 208 213
 213 208 213 208 213 208
 208 213 208 213 208 213
 213 208 213 208 213 208
 208 213 208 213 208 213
 213 208 213 208 213 208
 208 213 208 213 208 213
 213 208 213 208 213 208
 208 213 208 213 208 213
 213 208 213 208 213 208
 208 213 208 213 208 213
 213 208 213 208 213 208
 208 213 208 213 208 213
 213 208 213 208 213 208
 208 213 208 213 208 213
 213 208 213 208 213 208
 208 213 208 213 208 213
 213 208 213 208 213 208
 208 213 208 213 208 213
 213 208 213 208 213 208
 208 213 208 213 208 213
 213 208 213 208 213 208
 208 213 208 213 208 213
 213 208 213 208 213 208
 208 213 208 213 208 213
 213 208 213 208 213 208
 208 213 208 213 208 213
 213 208 213 208 213 208
 208 213 208 213 208 213
 213 208 213 208 213 208
 208 213 208 213 208 213
 213 208 213 208 213 208
 208 213 208 213 208 213
 213 208 213 208 213 208
 208 213 208 213 208 213
 213 208 213 208 213 208
 208 213 208 213 208 213
 213 208 213 208 213 208
 208 213 208 213 208 213
 213 208 213 208 213 208
 208 213 208 213 208 213
 213 208 213 208 213 208
 208 213 208 213 208 213
 213 208 213 208 213 208
 208 213 208 213 208 213
 213 208 213 208 213 208
 208 213 208 213 208 213
 213 208 213 208 213 208
 208 213 208 213 208 213
 213 208 213 208 213 208
 208 213 208 213 208 213
 213 208 213 208 213 208
 208 213 208 213 208 213
 213 208 213 208 213 208
 208 213 208 213 208 213
 213 208 213 208 213 208
 208 213 208 213 208 213
 213 208 213 208 213 208
 208 213 208 213 208 213
 213 208 213 208 213 208
 208 213 208 213 208 213
 213 208 213 208 213 208
 208 213 208 213 208 213
 213 208 213 208 213 208
 208 213 208 213 208 213
 213 208 213 208 213 208
 208 213 208 213 208 213
 213 208 213 208 213 208
 208 213 208 213 208 213
 213 208 213 208 213 208
 208 213 208 213 208 213
 213 208 213 208 213 208
 208 213 208 213 208 213
 213 208 213 208 213 208
 208 213 208 213 208 213
 213 208 213 208 213 208
 208 213 208 213 208 213
 213 208 213 208 213 208
 208 213 208 213 208 213
 213 208 213 208 213 208
 208 213 208 213 208 213
 213 208 213 208 213 208
 208 213 208 213 208 213
 213 208 213 208 213 208
 208 213 208 213 208 213
 213 208 213 208 213 208
 208 213 208 213 208 213
 213 208 213 208 213 208
 208 213 208 213 208 213
 213 208 213 208 213 208
 208 213 208 213 208 213
 213 208 213 208 213 208
 208 213 208 213 208 213
 213 208 213 208 213 208
 208 213 208 213 208 213
 213 208 213 208 213 208
 208 213 208 213 208 213
 213 208 213 208 213 208
 208 213 208 213 208 213
 213 208 213 208 213 208
 208 213 208 213 208 213
 213 208 213 208 213 208
 208 213 208 213 208 213
 213 208 213 208 213 208
 208 213 208 213 208 213
 213 208 213 208 213 208
 208 213 208 213 208 213
 213 208 213 208 213 208
 208 213 208 213 208 213
 213 208 213 208 213 208
 208 213 208 213 208 213
 213 208 213 208 213 208
 208 213 208 213 208 213
 213 208 213 208 213 208
 208 213 208 213 208 213
 213 208 213 208 213 208
 208 213 208 213 208 213
 213 208 213 208 213 208
 208 213 208 213 208 213
 213 208 213 208 213 208
 208 213 208 213 208 213
 213 208 213 208 213 208
 208 213 208 213 208 213
 213 208 213 208 213 208
 208 213 208 213 208 213
 213 208 213 208 213 208
 208 213 208 213 208 213
 213 208 213 208 213 208
 208 213 208 213 208 213
 213 208 213 208 213 208
 208 213 208 213 208 213
 213 208 213 208 213 208
 208 213 208 213 208 213
 213 208 213 208 213 208
 208 213 208 213 208 213
 213 208 213 208 213 208
 208 213 208 213 208 213
 213 208 213 208 213 208
 208 213 208 213 208 213
 213 208 213 208 213 208
 208 213 208 213 208 213
 213 208 213 208 213 208
 208 213 208 213 208 213
 213 208 213 208 213 208
 208 213 208 213 208 213
 213 208 213 208 213 208
 208 213 208 213 208 213
 213 208 213 208 213 208
 208 213 208 213 208 213
 213 208 213 208 213 208
 208 213 208 213 208 213
 213 208 213 208 213 208
 208 213 208 213 208 213
 213 208 213 208 213 208
 208 213 208 213 208 213
 213 208 213 208 213 208
 208 213 208 213 208 213
 213 208 213 208 213 208
 208 213 208 213 208 213
 213 208 213 208 213 208
 208 213 208 213 208 213
 213 208 213 208 213 208
 208 213 208 213 208 213
 213 208 213 208 213 208
 208 213 208 213 208 213
 213 208 213 208 213 208
 208 213 208 213 208 213
 213 208 213 208 213 208
 208 213 208 213 208 213
 213 208 213 208 213 208
 208 213 208 213 208 213
 213 208 213 208 213 208
 208 213 208 213 208 213
 213 208 213 208 213 208
 208 213 208 213 208 213
 213 208 213 208 213 208
 208 213 208 213 208 213
 213 208 213 208 213 208
 208 213 208 213 208 213
 213 208 213 208 213 208
 208 213 208 213 208 213
 213 208 213 208 213 208
 208 213 208 213 208 213
 213 208 213 208 213 208
 208 213 208 213 208 213
 213 208 213 208 213 208
 208 213 208 213 208 213
 213 208 213 208 213 208
 208 213 208 213 208 213
 213 208 213 208 213 208
 208 213 208 213 208 213
 213 208 213 208 213 208
 208 213 208 213 208 213
 213 208 213 208 213 208
 208 213 208 213 208 213
 213 208 213 208 213 208
 208 213 208 213 208 213
 213 208 213 208 213 208
 208 213 208 213 208 213
 213 208 213 208 213 208
 208 213 208 213 208 213
 213 208 213 208 213 208
 208 213 208 213 208 213
 213 208 213 208 213 208
 208 213 208 213 208 213
 213 208 213 208 213 208
 208 213 208 213 208 213
 213 208 213 208 213 208
 208 213 208 213 208 213
 213 208 213 208 213 208
 208 213 208 213 208 213
 213 208 213 208 213 208
 208 213 208 213 208 213
 213 208 213 208 213 208
 208 213 208 213 208 213
 213 208 213 208 213 208
 208 213 208 213 208 213
 213 208 213 208 213 208
 208 213 208 213 208 213
 213 208 213 208 213 208
 208 213 208 213 208 213
 213 208 213 208 213 208
 208 213 208 213 208 213
 213 208 213 208 213 208
 208 213 208 213 208 213
 213 208 213 208 213 208
 208 213 208 213 208 213
 213 208 213 208 213 208
 208 213 208 213 208 213
 213 208 213 208 213 208
 208 213 208 213 208 213
 213 208 213 208 213 208
 208 213 208 213 208 213
 213 208 213 208 213 208
 208 213 208 213 208 213
 213 208 213 208 213 208
 208 213 208 213 208 213
 213 208 213 208 213 208
 208 213 208 213 208 213
 213 208 213 208 213 208
 208 213 208 213 208 213
 213 208 213 208 213 208
 208 213 208 213 208 213
 213 208 213 208 213 208
 208 213 208 213 208 213
 213 208 213 208 213 208
 208 213 208 213 208 213
 213 208 213 208 213 208
 208 213 208 213 208 213
 213 208 213 208 213 208
 208 213 208 213 208 213
 213 208 213 208 213 208
 208 213 208 213 208 213
 213 208 213 208 213 208
 208 213 208 213 208 213
 213 208 213 208 213 208
 208 213 208 213 208 213
 213 208 213 208 213 208
 208 213 208 213 208 213
 213 208 213 208 213 208
 208 213 208 213 208 213
 213 208 213 208 213 208
 208 213 208 213 208 213
 213 208 213 208 213 208
 208 213 208 213 208 213
 213 208 213 208 213 208
 208 213 208 213 208 213
 213 208 213 208 213 208
 208 213 208 213 208 213
 213 208 213 208 213 208
 208 213 208 213 208 213
 213 208 213 208 213 208
 208 213 208 213 208 213
 213 208 213 208 213 208
 208 213 208 213 208 213
 213 208 213 208 213 208
 208 213 208 213 208 213
 213 208 213 208 213 208
 208 213 208 213 208 213
 213 208 213 208 213 208
 208 213 208 213 208 213
 213 208 213 208 213 208
 208 213 208 213 208 213
 213 208 213 208 213 208
 208 213 208 213 208 213
 213 208 213 208 213 208
 208 213 208 213 208 213
 213 208 213 208 213 208
 208 213 208 213 208 213
 213 208 213 208 213 208
 208 213 208 213 208 213
 213 208 213 208 213 208
 208 213 208 213 208 213
 213 208 213 208 213 208
 208 213 208 213 208 213
 213 208 213 208 213 208
 208 213 208 213 208 213
 213 208 213 208 213 208
 208 213 208 213 208 213
 213 208 213 208 213 208
 208 213 208 213 208 213
 213 208 213 208 213 208
 208 213 208 213 208 213
 213 208 213 208 213 208
 208 213 208 213 208 213
 213 208 213 208 213 208
 208 213 208 213 208 213
 213 208 213 208 213 208
 208 213 208 213 208 213
 213 208 213 208 213 208
 208 213 208 213 208 213
 213 208 213 208 213 208
 208 213 208 213 208 213
 213 208 213 208 213 208
 208 213 208 213 208 213
 213 208 213 208 213 208
 208 213 208 213 208 213
 213 208 213 208 213 208
 208 213 208 213 208 213
 213 208 213 208 213 208
 208 213 208 213 208 213
 213 208 213 208 213 208
 208 213 208 213 208 213
 213 208 213 208 213 208
 208 213 208 213 208 213
 213 208 213 208 213 208
 208 213 208 213 208 213
 213 208 213 208 213 208
 208 213 208 213 208 213
 213 208 213 208 213 208
 208 213 208 213 208 213
 213 208 213 208 213 208
 208 213 208 213 208 213
 213 208 213 208 213 208
 208 213 208 213 208 213
 213 208 213 208 213 208
 208 213 208 213 208 213
 213 208 213 208 213 208
 208 213 208 213 208 213
 213 208 213 208 213 208
 208 213 208 213 208 213
 213 208 213 208 213 208
 208 213 208 213 208 213
 213 208 213 208 213 208
 208 213 208 213 208 213
 213 208 213 208 213 208
 208 213 208 213 208 213
 213 208 213 208 213 208
 208 213 208 213 208 213
 213 208 213 208 213 208
 208 213 208 213 208 213
 213 208 213 208 213 208
 208 213 208 213 208 213
 213 208 213 208 213 208
 208 213 208 213 208 213
 213 208 213 208 213 208
9<9+ 5 213 208 213 208 213
+<>+ 18 32 18 18 18 18
